-0.81171648533170437378 -0.43744179741383659721 0.38698969148557055275
-0.046643243450731501631 0.24739536050331867312 0.96779127059600444927
-0.43005963207564451567 0.0013348159468336623021 0.90279949663552072625
-0.12755606448379921969 -0.95363253138518233598 0.27260675981584586713
-0.97178889282656899518 0.23582457411384313839 -0.0036218811321991799604
-0.73463576603844993329 -0.6740015728834978237 0.077667052265878139261
-0.50915231752043021984 -0.74975751654889288833 0.42264356607194608628
-0.92455710190966322592 -0.3749384987646494638 0.067935906945560398107
-0.13144981521294352156 -0.7652972009842444745 0.63011200611174178476
-0.38265548985693503825 -0.92173848078223985514 0.063031334490056795117
-0.4152857323603225681 0.76974805657605716025 0.4847944821213765465
-0.22645896748585253588 -0.96117126842608691106 0.15768997684516447566
-0.096631194893119803924 0.82744500179930957628 0.55317011955714745497
-0.93141622873152829509 -0.26738727469042000706 0.24691669483687678222
-0.72486088511709245719 -0.62794977886769620667 0.28329449773561965475
-0.08491810431454238639 -0.43407081794970286959 0.89686757136385542033
-0.67006040213634476821 0.2809237832378363442 0.68709597983121761811
-0.61920442511430406896 0.64931177887728153131 0.44156550332887684052
-0.62311062885714996185 0.48541209603181728616 0.61327664331135645082
-0.19844827486959515372 -0.95751018161328993461 0.20926665837673716353
-0.53675331060696396257 -0.30587724682501576945 0.78634279638540127699
-0.084864522320543908651 -0.3405501091983214601 0.93638861375836757173
-0.48874903425292626213 -0.18023880237220910039 0.85360316051211038157
-0.13567058722833169604 -0.78893289706928904081 0.59931492195921354238
-0.044598678782004019805 0.69166247436932593029 0.7208425482726452671
-0.39528663523606893948 0.53269539004604093968 0.74832085192612618485
-0.1355515129745291647 0.21442472106031834622 0.96728890530622790855
-0.276972812901144394 -0.72200884889996408411 0.63402624789812656037
-0.89611390239787791501 -0.084551137482041405224 0.43569597092438172581
-0.62498740657137197285 -0.45939950333081885914 0.63114407068955935554
-0.098587757313517057622 0.84837821737486618368 0.52012965152136370062
-0.78590551141755626841 0.61082021251043838728 0.096183133200224590897
-0.77909063552168533739 -0.25784871355147120919 0.57142963045528860633
-0.7451486596704121057 0.073696950757008994337 0.66281387616774223304
0.74999150615199361436 -0.54959494519079488128 0.3680463787630459116
0.10385307206621229026 0.28487587675267145304 0.95292196651499583293
0.45191255474769670419 0.01608862736412513747 0.89191714801933741352
0.027278315826622469287 -0.96246570059426350685 0.27002901448780786131
0.95996886006666604096 0.27603890247768270161 -0.047563767946009798127
0.71654248156023792049 -0.69703592465713093418 0.026604357854956114937
0.45749073504850984451 -0.766894022237459283 0.45008419879087668836
0.91829340897047162517 -0.39486395619041875227 0.02862989945915301454
0.083324592418661538873 -0.7409548021122402961 0.66636551045584180297
0.26524043006844616466 -0.96385897999007297265 0.024967597994232940128
0.46207250146515133071 0.73700352143102609848 0.49326951333728802362
0.10299933017607917907 -0.98354371889895186865 0.14843480386249938152
0.10935290441151145069 0.82062502050056596037 0.56090687108040693243
0.93746230650646700244 -0.27230519280571802154 0.21682782536061992462
0.75490273224994597356 -0.61582118570303856497 0.22557954712444575063
0.099755102383764421292 -0.42651516531793282061 0.89896258726502120684
0.7497697625147536904 0.21187584960500671638 0.62686037326722654495
0.59210463960425652186 0.65977634163527154598 0.46271727304855475582
0.67359477468118789112 0.43737859561650233031 0.59579362502357791076
0.068343362152402831189 -0.98179203897072664375 0.1772387572271055256
0.5176670205170497141 -0.37516539012648242313 0.76894199125827744634
0.090892694495753337258 -0.3097147597686537579 0.94647519020244075261
0.47958074420092122736 -0.23670626382784717978 0.84496890739029695272
0.093927625502233130783 -0.79695007359916136824 0.59669773031058481738
0.07283399529242649828 0.66417596042340165674 0.74401982683621736836
0.46125657403493774966 0.48276892386950392977 0.74443034533489649274
0.18629045449982328808 0.21919434265050724564 0.95773154208904565099
0.21647788511860710514 -0.77440163423940577836 0.59450772420710629174
0.90741677499952988484 -0.080136813897730335698 0.41252016618314929497
0.62983718166097257818 -0.4983432391096604408 0.59578447498323960918
0.14122727253988709428 0.8509022081074206767 0.50598447577851679569
0.73706136284122381053 0.66949931045590138634 0.092256277324149080221
0.75589644612497397524 -0.33843927701105191996 0.56042788877059890318
0.77657424170760402937 0.080412630232761142524 0.62487299190740253074
