-0.7418477764840416544 -0.66276144638933431885 0.1020252013259496382
-0.067292320804019506442 0.068749883108587026004 0.99536184231331903405
-0.47389015196394024265 -0.17333500972333029666 0.86335571943191913302
-0.05885123974525467011 -0.99641922228055301858 0.060706383933358108729
-0.95526355794369233188 -0.018112023213744748995 -0.29520076131314898493
-0.65476169271723616561 -0.72303112269035862969 -0.22025694397947848113
-0.47988277858023459244 -0.84963156893944002945 0.21872063433434685287
-0.83493687048106646209 -0.52188577728903762232 -0.17468731429242348452
-0.12591578710760345516 -0.91304640678002924048 0.38793230546469070763
-0.31617381602430172371 -0.9442669966409720228 -0.091618541329087088698
-0.56913371475082263906 0.65605206869040111339 0.49566369435432200419
-0.21920658704458514943 -0.96313398036916153533 -0.15595322393115368387
-0.17670283646925091792 0.77642798218370168151 0.60492619059341989907
-0.90286754484509279539 -0.42988276394490365639 -0.0055682787721861139521
-0.62019240260612829019 -0.77011284276432168117 -0.14929029827518436324
-0.10753249269440946778 -0.61405868230556670539 0.78190069554904328974
-0.72494958072798121318 0.031187777850068525848 0.68809550784400497214
-0.74777705472003108689 0.50258256010384882995 0.43386662318470242683
-0.71610242732394824294 0.32833816849306679542 0.61594753079411568297
-0.14903872923168504094 -0.98681292686996302521 -0.06314827433383597699
-0.56603719978445721228 -0.52212142555972318458 0.63795854522974537737
-0.10433356237581543902 -0.53868437505138611066 0.83602251873826305406
-0.54226663267740871088 -0.409016946789588276 0.73392917664010859369
-0.12420663381291188743 -0.90160232134351736555 0.41435005281144354772
-0.086104139472826218826 0.58473121171660868978 0.80664458543405015423
-0.47516307525584811078 0.41325099871291975928 0.77681636438490386798
-0.17691613849676238179 0.041745415256867576814 0.98334022608882731831
-0.26654195576610012486 -0.86094015507048715641 0.43328678170882117815
-0.92024096782123898652 -0.33626632062744366003 0.200203703150343304
-0.67877072375269908999 -0.61358117750012619585 0.40347049854208111297
-0.14564888026237515772 0.79627562474965196682 0.58713842755168721421
-0.89422847473794242479 0.44759790770292556816 -0.0033982330432676751027
-0.79686495591673478511 -0.51259855460755754386 0.31976391892467048716
-0.83802820861802840291 -0.23212584447174100521 0.49378772148438371259
0.74796827441332780495 -0.64046041119318175561 0.17422377037996142346
0.055689383117068065598 0.13959212475192864233 0.98864186200832215867
0.42088232904399786038 -0.17504856687934444714 0.89006520229249908027
0.088344062627818242817 -0.99284634116025960449 0.0803210398531885722
0.95480759618987698367 0.074429125750913552317 -0.28775468631816214504
0.70865856528301585104 -0.67430188568637861035 -0.20765356922242300675
0.49320286251286943324 -0.81980832464671560267 0.29097293215874381334
0.90057936853567432944 -0.40824716471922761762 -0.14930188701619948044
0.084600629733466908844 -0.90367725291277001265 0.41977393441795612938
0.39789168650647710468 -0.91474193270761794405 -0.070209702715247054861
0.565894212813471853 0.64883591672203699829 0.50870000302309326123
0.22350547264253542434 -0.967322036600568258 -0.1197220999054292162
0.097417331963865011479 0.76125230233254537193 0.64109655717874591829
0.94678463589258343713 -0.31623001248919463402 0.059978599840544481736
0.65685975951286601493 -0.74636066584475202479 -0.10714948815779948288
0.053613160849222255 -0.60493339859482420096 0.79446913863804102807
0.72980413770951912955 0.047298999177007465533 0.68201812678177309301
0.69266599718303267785 0.55796981667063816346 0.45703774464585489312
0.69411105137444117918 0.33514658864545376904 0.63709231079897887806
0.18769055451298360948 -0.98160275987011103016 -0.035046791036979024758
0.49904478685686554096 -0.51179646090185848539 0.69929870822082762505
0.045091900144987470678 -0.56548895168916857301 0.82352229238727936433
0.47619002781675140445 -0.37273230324564632365 0.79643812535882319015
0.11208131086043660041 -0.89298476417467009814 0.43590823656787541784
0.069255766329397464021 0.5516419346140316593 0.83120082699995934128
0.45413175535207656042 0.40294902921514852423 0.79460457375691639914
0.146087530438667762 0.052512199112740895468 0.98787696723563478418
0.24522953495929655787 -0.85720740159456865204 0.45283324285561826761
0.94241715811051551821 -0.20406798836006520559 0.26496444332320523429
0.64124222195019209281 -0.57581176175826287444 0.50719742488426167171
0.11746779310941875274 0.80929189621303465607 0.57554143578539473936
0.79300368777978746948 0.60916126280207816279 -0.0082284305329190007144
0.79419518929210952685 -0.44324012702712006773 0.41568280106140137464
0.82984779895677274197 -0.15062384238293230476 0.53727561704622439631
