-0.73293414245978194543 -0.64518388377236701725 0.21574359535603479521
-0.062522568096322839182 0.15508301849301908693 0.98592098357512136797
-0.5142485473986559974 -0.04868235784612641448 0.85625840698524757766
-0.10545938392777383374 -0.97761936280523542564 0.18204037961359006981
-0.89961637806106498072 -0.0090264763509844293116 -0.43658778618850102582
-0.65494920555974689425 -0.73620532447265230047 -0.17042082723297974356
-0.43012499240180990245 -0.84311655773734439645 0.3227180828222588338
-0.89432140548254102086 -0.39798464157741270109 -0.20444424365638341756
-0.10798963739034131426 -0.88886542129074419538 0.44526003756224336039
-0.36295521276926445697 -0.9310833850971377279 0.036704816028320319532
-0.58721140108459324303 0.75770350684965126487 0.28472471993841597104
-0.23072125841358634424 -0.97299654378151589906 0.0067399336254703344148
-0.1421673625586559464 0.91830489533465364804 0.36946523547896409356
-0.90554528414965129723 -0.42293701203357964014 0.033346996962771900674
-0.68985011149399111385 -0.71121095058421490709 -0.13522502520179258134
-0.0931579677774798387 -0.59598628211695292567 0.79757253248089088338
-0.75265505969308732492 0.13145565117438981484 0.64515871914801903309
-0.7320262963492831787 0.59617880673317502627 0.32970946582614063525
-0.7591713225974358048 0.40124731022449139362 0.51250316972997422837
-0.18846154686022778546 -0.97815747235707739549 0.087693811794580550645
-0.53167636466484691216 -0.48383960824256300182 0.69513989725267255615
-0.10825981338063139781 -0.5343026756931771315 0.83833195307938879193
-0.49907107054310750893 -0.36547792197055395391 0.7857187506347563799
-0.14177929869821839781 -0.84470099235377360536 0.51611904051022139406
-0.082048222235027307159 0.73385404074769422511 0.6743339944762931637
-0.45626921512412665916 0.56101939548090229426 0.6907066245695464568
-0.16698394282781417464 0.14311670129522538475 0.97551728464853471046
-0.26273022121423467157 -0.81305687315682617644 0.51952993356799359592
-0.92203465132285933326 -0.28029415101396260024 0.26699679898323702698
-0.64313160455682993888 -0.609112397144118356 0.46407308353911591592
-0.090568276651801116195 0.917045771186367209 0.38836122465241529333
-0.81544935067087565006 0.53057656078223647267 -0.2313673910449370319
-0.77936358722743848126 -0.47924072841616410789 0.40363439289922181663
-0.87215715645217062324 -0.112939007490225507 0.47601121314144112517
0.73626591379981332075 -0.62866955968701065949 0.25037389819920502498
0.080065888505686258481 0.18029929889434520573 0.98034770174464269665
0.51424167973824341793 -0.11341320015558771506 0.85011348704185285552
0.028448188451921804787 -0.97051648122910383343 0.23935007883115985705
0.86750952553961035996 0.1386299063324870906 -0.47771222735898849487
0.63979905133186631971 -0.7517421738639726847 -0.15981513679596370814
0.44938020138094397771 -0.82246832597509922369 0.34871662904791367321
0.83641151953696812882 -0.52804507394164212908 -0.14691551950636666524
0.061138390694873402664 -0.89672914457298269486 0.43833655843044605493
0.26263975018518104232 -0.96480199875570138435 -0.01332159223476034153
0.57314912351230484777 0.75655368864017757957 0.3148437682756606848
0.11597263904187682382 -0.99305283289703005778 0.019910250346131662391
0.11042510665371850498 0.92068975855605339476 0.37434831949737806811
0.89525073391457254957 -0.44348158907604035006 0.043013992793152988625
0.67297942552159395468 -0.72759194871398547022 -0.13307384788609141757
0.055009679701901570414 -0.57329896451513018274 0.81749754276387487373
0.78095477538312985111 0.04353031569720177546 0.62306881676231151701
0.69491237371361014308 0.63004345235614434007 0.3466151194089298615
0.78262380973448486543 0.33120777188304506566 0.52706867131423162931
0.084366720780363155252 -0.99161400992336368176 0.09789745527068494102
0.51626221503996094775 -0.50129348572213250357 0.69439050000312319
0.065520769964200906155 -0.53941803429006396353 0.8394850880068934762
0.49993485747577637301 -0.37007955073968429316 0.78301102444664738567
0.085433158307864076608 -0.84837632485180747288 0.52245457878411227792
0.078016378093703944718 0.72312790916993208157 0.68629401259858191509
0.48392280847063695592 0.52909871805664243638 0.69704609746609225152
0.18070857160164591204 0.14900504724532678824 0.97218409164371255571
0.19893795661698535082 -0.82470994536815056541 0.52941212247918978395
0.93892184859028449129 -0.23530927484631805613 0.25110815879039627418
0.6203567554719039423 -0.57806955979744434337 0.53008780402491928463
0.10019462119334211769 0.92249256204927865266 0.37278480501179284134
0.78483277362803427479 0.5981008645723248085 -0.16221243243711033766
0.76315210014963197338 -0.47921251908239809181 0.4335368883865691747
0.88639316735329409802 -0.11310961822803092258 0.44890240268203573937
