-0.69592000114109231479 -0.53329960694869260607 0.48092294730045098694
0.076865271958993175438 0.21008374922254854922 0.97465714396359259819
-0.34463436329621893739 0.068573967099458496555 0.93622901400867297728
-0.073909051420072396921 -0.91913289804912434722 0.38695241030649130121
-0.92856233018640632615 0.35481203441975683877 0.10899733570002786975
-0.68867504443044380569 -0.6955831589221290745 0.20467230443476855384
-0.38879825894166486489 -0.75751754601090082186 0.52440736200929993771
-0.95484013248646470995 -0.27226171476470995003 0.11897008055225548329
-0.026673283396131990813 -0.72056696490622129669 0.69287212748003212948
-0.36967353480599951521 -0.89556080674253535356 0.24761324498236525482
-0.3492529836950123423 0.77654600462924550097 0.52440314270081134218
-0.21621892058467931386 -0.93536672809858445454 0.27989008976265145057
0.021579331764899387092 0.83870307303148605715 0.54416126996334657218
-0.89170249633003129119 -0.30834134833022774913 0.33134916771992589668
-0.75514710062975243243 -0.5544845268715976605 0.3497138342566089575
-0.0098279081590970252674 -0.45956426184015924941 0.88809014264348518086
-0.54794084422304090154 0.23976787017111697575 0.80141886655215932578
-0.5449178928471425376 0.64641729030328098915 0.53404978873883468538
-0.54777259660207044956 0.4785850674058081955 0.68622264292866608226
-0.16648784198096741593 -0.93193408231739394143 0.32215006547843061391
-0.40821005985784797332 -0.3409064074781482101 0.84684553985434363188
0.0038340749796097676853 -0.37061281009750440818 0.92877954588841038497
-0.34921011877962293557 -0.22146096148483732091 0.91049839949344935075
-0.074240860979068207248 -0.72419954743250603002 0.68558246043757575805
0.064831145620730251666 0.67503048451661995522 0.73493589348375221171
-0.26476664298601360059 0.58516346375583094819 0.76647396919086241418
-0.024062935084372440164 0.22922714394216273104 0.97307548095471207983
-0.19647605151206362639 -0.70408409380385572618 0.68239486372234092748
-0.81701890712276525885 -0.12987048068655385191 0.56179512604700077016
-0.55952787054048580551 -0.48583621603503251984 0.6714847230408080847
0.031358564822082428403 0.88053401689193677715 0.47294448459459792478
-0.69830153127421235038 0.69441554954187922899 0.17367215083179060597
-0.65591013614165460943 -0.31720731252221229246 0.68495358542683137948
-0.64823241364619377247 0.065455672804597894721 0.75862394689076861898
0.75735053834226195857 -0.53719511553573295881 0.37127021145957328496
0.17372382062698568661 0.18233513992774236234 0.9677674983663655528
0.52545649383989045944 -0.047925919331019320446 0.8494695870587514186
0.058461869603666567763 -0.90400179676732417278 0.42351264590787973674
0.91842817628872575053 0.39557520577323929123 -0.0031530265499248835877
0.73557343801299612807 -0.66969561402941846229 0.1021738804171657411
0.48137776737779708336 -0.74121178756276484556 0.46784669610074003376
0.91400407295877983405 -0.40422345747252563797 0.034640309521114395763
0.11897184821934091159 -0.72856758606334337536 0.67456280053758277404
0.28593738038798138801 -0.94749838765914873306 0.14313147760074448889
0.55660592029884448095 0.68469298762992858443 0.47051605942696445029
0.15085174240458246175 -0.95186949288219391274 0.26681120728653179297
0.18903751131153712084 0.83003116815873734247 0.52470284847919623772
0.92751415802074443917 -0.31743453899830598175 0.19736463746578863931
0.78507753385289935633 -0.57324023962575920699 0.23462500615503861789
0.13108704416376654178 -0.44531193281127195993 0.8857276496464903115
0.73830689046384245788 0.11838299521545418702 0.66399427854269166271
0.68145958112871396484 0.59458525634471270926 0.42670975173455966134
0.73745375623716635793 0.34583293517850022258 0.58013924049103682279
0.1103994205876844964 -0.94775785634921749789 0.29927748605974213714
0.52991170164672152243 -0.38342124831151108699 0.75642695271990312289
0.14172376323234761597 -0.37887609008792400012 0.91453118224309271067
0.51466162384079738867 -0.25519131365726932525 0.81853576976173159085
0.13635695183437995803 -0.73051929419472694249 0.66914000216372870877
0.17741638441524210101 0.61581808184954334173 0.76765325284803698214
0.5197153905249082273 0.46246016287301344727 0.71834985251408511875
0.25625109382640232081 0.13279971226381517835 0.95744431343834324188
0.23796407272169223246 -0.72527227537145599889 0.6460288125704735096
0.91043873598023383753 -0.13406178020996320499 0.39131668391936702545
0.63062776914982121568 -0.47419716586151128279 0.614366067313316222
0.18330644466366463607 0.85660761117971317979 0.48230918280056839231
0.75567208403853913801 0.64285684012332278137 0.12527882706789611467
0.75247686241992595146 -0.32867794273486261591 0.57074458515367643141
0.81517391230778168953 0.018832180484876236831 0.5789100462688571147
