-0.68039703435958975852 -0.68353949625135568269 0.26426053942864446977
-0.053766946441843120608 -0.0025817579997609208138 0.99855017400026069296
-0.39750529924715988228 -0.15675439362196111337 0.90411149597305595638
-0.075415354511655846581 -0.96362038829360385783 0.25641425773299963975
-0.95741076025383664572 -0.28389091702604635215 -0.052636331371790918976
-0.57067741348599887452 -0.82046180598528994921 -0.034201091448763536185
-0.43692905626161038235 -0.8265600815668419088 0.35481182527440358054
-0.8245528786836565649 -0.56570470096502534219 0.0095258364759468975441
-0.12183700044775079563 -0.87904253250820862942 0.46091210806774152164
-0.26754546331912737456 -0.96354169882692941584 0.002611451525256068551
-0.55030165415187060063 0.57421876609350652743 0.60616903426665236232
-0.15058573891385856891 -0.98428633856110936406 0.092218972872898805071
-0.12925049384114162265 0.70521192410582711485 0.6971158095616382111
-0.85407960799642479444 -0.49097104047911060976 0.1717424252056921341
-0.55072991575042551382 -0.83370061673890227816 0.040494957052737937109
-0.07928265189109391653 -0.63115448640894245003 0.77159463152291296595
-0.71042242136754552018 -0.0062393264195264724892 0.70374786253608179187
-0.70722176902305100565 0.45449998843422451111 0.54154143879595773026
-0.66844104375872437362 0.24044368355694628603 0.70382768207588586318
-0.1258383253825591519 -0.98245409888715551361 0.13765412977728058719
-0.48236354603214026682 -0.52175705397134086727 0.70362986441057673304
-0.084701474983127134077 -0.6157984421165813016 0.7833376914348461062
-0.47092810224897302396 -0.39424362674693869124 0.78917595330927392538
-0.1244080469911022363 -0.86390420820514424172 0.48804933858094989851
-0.07751066019861897749 0.5121819454712026598 0.85537228870761772281
-0.43033761421258021063 0.33607882549591189258 0.83777118645075909775
-0.14509667367051154452 -0.011037900970537870352 0.98935591170817671625
-0.23262062819975323769 -0.84902425638840206545 0.47438956080427518991
-0.84644543822176177006 -0.38103732592598849038 0.37194176474918971831
-0.58570992425288026517 -0.62005421523921067095 0.52199296431635144877
-0.089408759598740519814 0.77162300525055205203 0.62976504465961058443
-0.94808991273938991728 0.30951735361584525874 0.072969344059405638614
-0.68430868015396684179 -0.54495019529870503128 0.48451100597389862301
-0.73365451655139646281 -0.27732259030620243223 0.62035734157789657051
0.75931629186982396718 -0.581516509870755538 0.29202280330274799081
0.062871979699793509311 -0.045016099955544487676 0.99700584998956809368
0.39974943874437046665 -0.20490866696338871922 0.89342757089024738004
0.072186722461053842714 -0.94859627540041391303 0.30814636684016383228
0.94856882570369227548 -0.29618285087263640509 -0.11177165003736731774
0.61139599731397409332 -0.79108187319278822081 -0.019606233045648246288
0.47634216285401287383 -0.79662645129996245696 0.37213497682533103195
0.86327144492289420441 -0.50165528912476542445 -0.055716992685234313643
0.10193369787848725883 -0.8608590107225739807 0.49852912141074456898
0.30935887705540154879 -0.94834926232388239153 0.070219383625668319038
0.55549834999403502334 0.57126653245521230584 0.60421530272784584881
0.16314137896001648653 -0.97929852413117368659 0.11983025955712944821
0.092744676452040680781 0.70371299584904134505 0.70440502870363808086
0.90537150332875560022 -0.40349072214161457728 0.13227878932719119853
0.59409428993818291787 -0.80306110790520635057 0.046312327008139760054
0.058520007365976990654 -0.62111094136626510132 0.78153477673933224867
0.71642907812746281504 -0.049331747506935121061 0.6959136115218222951
0.67236251573656602432 0.49759302435993457703 0.54802356659246842518
0.71894603190621819699 0.23029725202057391154 0.65580468046368456392
0.13714771448252505159 -0.97467945920636944734 0.17660819973432459462
0.43942756842228275493 -0.52191708036185968655 0.73109915424450599986
0.062924305027981949912 -0.60460166617876232031 0.79403863702631616306
0.43774631734454766407 -0.40298580040882919784 0.80372918717696328894
0.11959469597402032359 -0.84644879623196722651 0.51886563198224577853
0.064871890587936895112 0.43730505163967020588 0.89697041736167215653
0.44390335276907555428 0.32923435582271759481 0.83339939545596875003
0.14488145071688307564 0.041450735513082440087 0.98858039721794788157
0.23203914114308771266 -0.8025170040025071394 0.5496583441233455769
0.90359337799392636104 -0.23020300079301039831 0.36128324853419202523
0.61165030955068255825 -0.57636432752093824661 0.54192994084834511526
0.11418870568119493525 0.79382800539248077332 0.59732573806043964826
0.91979883839025833314 0.38178224678999045372 0.090622364413638814562
0.75044466664314946058 -0.44206616171786572433 0.49133523277990787115
0.76396894242261526031 -0.2059248918146462104 0.61151156484959212634
