-0.8204977759050869901 -0.57147691263061206612 0.014054823548860877896
-0.10585269453923082383 0.32232877651302427324 0.94069089869648536695
-0.56086169886519321448 -0.0073106050159137282024 0.82787723111603361836
-0.11974571819571806774 -0.99163547279437636028 0.048166918830927142603
-0.80517681797401241539 0.066167830125150137177 -0.58933191840742271683
-0.70315368574521286416 -0.62389267091581657176 -0.34107598772187225356
-0.56045619140699542982 -0.80407746944608116113 0.19836401045237964103
-0.87380784074995787591 -0.38216217453805995108 -0.30068576586901774039
-0.20712503771928628127 -0.92228268231360610585 0.32633398942525770892
-0.38118885195187018899 -0.91723003694884075454 -0.11568975091356828444
-0.57375226181349248122 0.80565900468718620875 0.14738354803150177652
-0.28332435290722435273 -0.93226271956532325014 -0.22497451579761254536
-0.18450214985726925976 0.95190504999271019493 0.24461343482405378813
-0.95093379510413300615 -0.278953565530379477 -0.13382759658134396608
-0.66869117817648970892 -0.64638839053590846362 -0.36746994000780025535
-0.1498220849373871344 -0.54822076755007875803 0.8228045532760601688
-0.81051262421103620337 0.20905072329468238346 0.54714447916844566322
-0.76044976821258192246 0.62413990655674800312 0.17934750365913756931
-0.76109579852479714024 0.48945305349313278365 0.42563939419906815509
-0.20822211020600941977 -0.97252528647843650145 -0.10410629174738235403
-0.64983188594030849572 -0.43229539356287605134 0.62517134668791385366
-0.16121739623787215145 -0.45831150612454268911 0.87404777587048065879
-0.64203146804004129766 -0.28300622057677243815 0.71253285760110784963
-0.18541505596272797596 -0.8941076504579614781 0.40766747039085987625
-0.10157471865023814939 0.8468330988779817492 0.52206922833647151361
-0.50683517583729831291 0.58269452188416825944 0.63528355771273947727
-0.21118843932329342539 0.2344876842041851428 0.94890198074023957009
-0.33748046756624339171 -0.83316485020372788028 0.43811330314916219208
-0.98886920285675716791 -0.14400304476750377947 0.037427566567037481859
-0.77176016540664016397 -0.52946206998079270445 0.35221607507774232992
-0.13257557270820458095 0.92203234058901517578 0.36370328624997910749
-0.77716181774907389102 0.54386915187980322539 -0.31658467219134101001
-0.90049992634253506196 -0.38884535892257737766 0.19467709033540842034
-0.95249303328471845997 -0.059350305232063485517 0.29872154728599159546
0.76353583501081390139 -0.64239453439788507527 0.065896060808395509611
0.041317140314813108337 0.37023126790840094058 0.9280203134517820418
0.48713033347188638977 -0.044654836255100686937 0.87218689729357823381
0.039333754426344173794 -0.99777814721536206566 0.053773829157012530133
0.73221848330861472043 0.18699791948393676422 -0.65489531286298796608
0.66412089750261182886 -0.64173613014267361088 -0.38355986856008672525
0.49299706079244126622 -0.83203420893050994422 0.25430881467105020954
0.85395865835090944973 -0.41062646156333820757 -0.3195943035967426793
0.04134303642057564343 -0.94117499457066322588 0.33538095195529371573
0.35634216550449870908 -0.92765851691836509474 -0.1116688724416233236
0.61049264954111370773 0.78077349607992152514 0.13300929544737694066
0.17403520049609236264 -0.96329855150957455212 -0.20437135231690550796
0.11043654015710410721 0.94844587459264007023 0.29707607370222599563
0.93643274735576775836 -0.33254852070338508652 -0.11182661158113922639
0.61967203183440888736 -0.68003165204348381412 -0.39187182238740408957
0.021763074055713742955 -0.54280817941642645064 0.83957468337621399268
0.82698015854991924201 0.20374512296417332524 0.52401502099945984625
0.71772010083065407304 0.67040008457528010855 0.18825935160063894669
0.76011675261098599066 0.49157023802343990937 0.42494849510229804057
0.12905487144510102704 -0.98749596131048311687 -0.09053489135009251676
0.56371806186320294607 -0.46467033382938977004 0.68286413552629754431
0.0139542553520274875 -0.51489126727057976662 0.85714191453111598928
0.53751970697121431719 -0.29519634039093928246 0.78989346448579800253
0.072029632243124558366 -0.90039265347171149045 0.429074354457465168
0.081800452732934347821 0.80838096973580075844 0.58294844857988359355
0.51038130570704243194 0.59757883320509141978 0.61839345152581948195
0.17149229943381341656 0.2602312500797482886 0.95019476304431116365
0.22504912845576563463 -0.85921154795730869669 0.45946534759229212819
0.98632821979577500748 -0.15212436637653820037 0.063362607183054059368
0.69340574000914190211 -0.55919444648911709184 0.45441176342399436372
0.14314364228680070967 0.94187829114376375728 0.30393285828447669239
0.69437977869327205394 0.61210373668567819028 -0.37837248641690696127
0.87759311160459674284 -0.40267787466273524677 0.26015545299159953396
0.95453875956994316265 -0.040286313762590245102 0.29535194159188482566
