-0.83131324963700936603 -0.35736468631148343711 0.42568622476590700643
-0.033850892599674886618 0.45520935333482337448 0.88974072723838881771
-0.43197159887565911296 0.18306419493953657307 0.88311269852490859034
-0.098419294807670573699 -0.91537057482069927872 0.39039768590756751543
-0.93260189213963506916 0.33686395477087699435 -0.12952369186251974642
-0.77696379981464502862 -0.61977014513112671512 0.11050891810949207972
-0.50288541519442875316 -0.68422804984652474403 0.52814603566433093729
-0.95755807824483019086 -0.2839667990074442594 0.049450822536470817603
-0.097672383631228251732 -0.65068110164052450628 0.75304329851852991329
-0.37178789514731930277 -0.9124011697953582356 0.17116619519632955693
-0.41318933873514851474 0.86513475281609975021 0.28428230656415631739
-0.2081735088017070967 -0.9416739003073093528 0.2644126617868467477
-0.11376931163231238098 0.9284110976044478436 0.35370804002116545961
-0.95898322653938850024 -0.1654316401378696233 0.23018154499741785846
-0.80534957848919141998 -0.52169992167753886925 0.2814982205075747812
-0.058615614197207233094 -0.26324542164344111317 0.96294654979186200539
-0.67236856017663360063 0.43434142633412198276 0.59938972685227187576
-0.62002957880560893855 0.73058467109229863201 0.28602335528955896704
-0.62558147998714919158 0.60839300212493008235 0.48837052210642595274
-0.17696607442436437796 -0.92761232944793270416 0.328965613338249252
-0.543634434964250568 -0.15239675166755514701 0.82537072349476847677
-0.060456527157831473074 -0.1427963669895908061 0.9879039456842900746
-0.4990026067697506118 0.0011155025865146261325 0.866599765803668598
-0.10367970455023005349 -0.68618149966775243698 0.72000379747477138981
-0.051818834911947914135 0.83648402302084190474 0.54553578029239835345
-0.39554249810787367458 0.67678988669394501976 0.62088773659928231385
-0.12779218771352598982 0.41872576142885842287 0.89907613330307778465
-0.25608571852954381542 -0.61245580413859657121 0.74787565326205951433
-0.91699110879916412298 0.060298777210273414584 0.39432393263689335949
-0.63842492487925417421 -0.33763322924517308321 0.69167724973602751071
-0.12257247298536745606 0.93085901078372135231 0.34420559395367605893
-0.73068518618375721818 0.67865653890211585786 -0.074326717248973245278
-0.81225535217948852118 -0.10654796663221201281 0.57348825067503883535
-0.76617203428670332954 0.2608249705590146017 0.58732507915962850475
0.8114953377020929226 -0.42981587261616166495 0.39589598701549566506
0.10993804522049811789 0.49920995371369975002 0.85947835826521035152
0.47942020942448970722 0.21917599828171221987 0.84977534947337307614
0.068965544485935240115 -0.91581186754365329072 0.3956417280064937203
0.86766125102519731094 0.43978839649760670394 -0.23184072070163525003
0.78598588855394369013 -0.61764293910989365166 0.027265046520407020675
0.51698426459029278579 -0.66282596236684532265 0.54165396128755460836
0.96638541316426695982 -0.25672409629672948705 -0.01385538176870918306
0.13060816506494182798 -0.60564984929931942048 0.7849393398614190609
0.31616430098418268901 -0.94033905083331970065 0.12570840966727112042
0.43586230193851704939 0.8546878789046762348 0.28201539568307743
0.15029279176453957945 -0.95801599451394003903 0.24416680978193405771
0.089086651623463408711 0.93208919931680578319 0.35110296640654498068
0.97431663339526064505 -0.13967745277013712824 0.17662759432481453525
0.86731354929094728323 -0.45755227163774270238 0.19599266806562171128
0.13413656154741512849 -0.2608154663594425271 0.95602441148955152883
0.75439217449945972227 0.39811225128753124913 0.52191865499208844881
0.56441095713608735451 0.77655752803065813961 0.27999763771081981334
0.66586322346747106593 0.59260327455620909198 0.45326319795320563211
0.11337530848273628947 -0.95390688069466156307 0.27786274019707102312
0.57601441205965575598 -0.1920893996177536478 0.79454959546529257963
0.12857277159013574819 -0.096588530271442638031 0.98698515603104863825
0.53377972368716664064 -0.028682507538150124604 0.84513698318188401615
0.1388356844549197 -0.6905092610084496707 0.70987436436562401099
0.066613604028783954258 0.82636445084804310834 0.55918192221575668821
0.45248654266106014266 0.64904794963130907348 0.61154941565668619052
0.19773414084566204307 0.41376281290788863299 0.88865153136568619807
0.26703996754015263404 -0.66076374993303688132 0.70148479848859524033
0.93368820392330786895 0.081373827483965627261 0.34871856568739961757
0.68829139861584798243 -0.34930071299826082054 0.63580182642891691636
0.12101683407842883655 0.92982312355082485933 0.34753975999850950096
0.65849951265204809125 0.74264627750495215697 -0.12188067256564050211
0.83188221446425913985 -0.11839210443802195005 0.54217643886909827611
0.80280187141299197418 0.31160281757795338375 0.50834322984896584963
