-0.74126963450498895014 -0.52633371843510368127 0.41652388382794686139
-0.017176925439650752442 0.27810576864173897071 0.96039686311473759783
-0.35993844423382870268 0.092373563625366236773 0.92839185751797792534
-0.09778589813258967145 -0.89821558005362656107 0.42854018466805399168
-0.99436498161868491774 0.10162039352157517524 0.030192365773359236547
-0.66883821689607636518 -0.73365584931291860649 0.12001889179715517775
-0.4803502435190781239 -0.7051968997354586266 0.52149877867034344359
-0.901314095663490078 -0.40977486894225095826 0.14041886533392231029
-0.15156809178107968905 -0.73078026096910475573 0.66557292893549180324
-0.32198784151473675008 -0.9333713271739388917 0.15856164582344967062
-0.44405428037781902173 0.75053170729394691474 0.48940571351851891446
-0.1930864178096352024 -0.94395808368540634614 0.26769529600353170196
-0.067525012349823804181 0.84940338417282679195 0.52340640391850856705
-0.90786433079664741186 -0.29637516142849584799 0.29655373974271298509
-0.69113002925559829936 -0.68422007674307072644 0.23277063655637977857
-0.067903157586025400527 -0.42881793061553119539 0.90083535874901177198
-0.65708152737301439572 0.25008335839541351309 0.71112740084939596308
-0.60878501322186573397 0.63394019623929265261 0.47697026665038555482
-0.58692223851922820099 0.46389575988719256028 0.6635683912681964447
-0.16026247729452780533 -0.93909226986411842297 0.30400928777403907199
-0.48888469022040709211 -0.30425118933000649957 0.8175713873781133012
-0.073717235286374804826 -0.37074244536223566193 0.92580549168200720889
-0.45589003649135662055 -0.15726642470115698158 0.87603170392950091561
-0.13565378331351454766 -0.73621031899697864098 0.66301765985160376893
-0.025188104770647718605 0.69343622867366361273 0.72007760424895139728
-0.36104013494904774184 0.53954242835182941729 0.76062079183005804062
-0.1035486790738350954 0.21936333217198783485 0.97013267111280510058
-0.25182361691103821721 -0.7196081854916789311 0.64710812492134273111
-0.86681869590648696899 -0.15070808018965459185 0.47530245422522904297
-0.61899681701389586141 -0.42956091850114530573 0.6575107282950733989
-0.040990587015335401555 0.86895300075596715317 0.4931941344474185529
-0.81664296241945111277 0.56828093238616805838 0.10075243826870983188
-0.7265115942584080555 -0.29469448363976435967 0.6207544318975086739
-0.71724530648669804211 0.047870684378841475703 0.69517448737702081107
0.79339657252490292105 -0.46689274522697804537 0.39055478893511580418
0.093604058537893941594 0.2478112826172975125 0.96427581553868946251
0.42292467385815168956 0.017524017248055374224 0.90599538026496895249
0.062321074943845852778 -0.87214263379355116967 0.48526622583638701069
0.98933827619311220936 0.14120569854160266998 -0.035647243352316733411
0.68100332000688501566 -0.72558977608263852677 0.098762113099844797692
0.5092809547229286693 -0.69688599419080254904 0.50495823615146540053
0.9187027818661414047 -0.39491183161297016557 0.0054629519036888491909
0.12100075953123340389 -0.71762972403437430557 0.68583262927277832688
0.31254430822577555782 -0.92520340968075842625 0.21520851774678845247
0.49885852309188510878 0.73630654703320808085 0.4571573500826792702
0.16332793999832295739 -0.94234071734047497593 0.29209237658340758692
0.11103542945467263781 0.85099111829180762445 0.51330814331576224419
0.95060413565973156391 -0.25335381313806498715 0.17934219424055511394
0.65467856446980698948 -0.71767376880794331306 0.23736119899586724524
0.07507989930538339074 -0.41891153592891483548 0.90491774973528438242
0.71624569252282843657 0.16903701397796727646 0.67706616799830310338
0.63154221201306015576 0.64145378349975212817 0.43553585165805142054
0.69489359033940178989 0.42021902895505447439 0.58355708016378893266
0.12619736901678238472 -0.93130889423306661978 0.34166938343320302218
0.47389942650155458814 -0.32868845147323821898 0.81693527003650800999
0.08115916489591867844 -0.34647519162999179665 0.93454166923597226102
0.46572840918122099252 -0.1925847829442673409 0.86371763340795493225
0.12585247526497647663 -0.71571301743983517518 0.6869614480717565197
0.098773947744353260414 0.65648943600148856881 0.74784044265166838006
0.44500250957938969343 0.51930136863589992924 0.72958814066631194617
0.17589203669744257752 0.28265069230794526156 0.94295841772809085857
0.24515513667581276258 -0.67807193857559089345 0.69290504766367788658
0.92136454001333800701 -0.04836929915730633911 0.38567835731998384441
0.64759488005237719754 -0.41431644577809834118 0.6395019578451276443
0.13667016926647351793 0.87917852023403730843 0.45647167972587515683
0.80482253650989188376 0.58690216978744824683 0.088354557463490232538
0.7867481112128384968 -0.23389968853273992999 0.5712428075760063173
0.78605779670749897914 0.066574210321131865875 0.61455757643647146438
